0 0.5656108597285069 0.8116666666666668 0.22171945701357468 0.18333333333333335
0 0.5633484162895928 0.5033333333333334 0.1809954751131222 0.09333333333333334
0 0.6425339366515838 0.405 0.14479638009049775 0.06333333333333334
0 0.6527149321266968 0.33333333333333337 0.10180995475113123 0.04
0 0.5429864253393666 0.375 0.12669683257918554 0.05666666666666667
0 0.3981900452488688 0.42833333333333334 0.0995475113122172 0.043333333333333335
0 0.3959276018099548 0.38833333333333336 0.08144796380090498 0.03666666666666667
0 0.4694570135746607 0.335 0.05203619909502263 0.023333333333333334
0 0.5893665158371041 0.30333333333333334 0.07466063348416291 0.02666666666666667
0 0.5554298642533937 0.28 0.07918552036199096 0.02666666666666667
0 0.1085972850678733 0.7583333333333334 0.0995475113122172 0.09000000000000001
0 0.6085972850678734 0.24166666666666667 0.05429864253393665 0.023333333333333334
0 0.35407239819004527 0.35000000000000003 0.07918552036199096 0.03333333333333333
