0 0.6716666666666667 0.615 0.26333333333333336 0.19666666666666668
0 0.32833333333333337 0.8550000000000001 0.4366666666666667 0.27666666666666667
0 0.805 0.9400000000000001 0.33 0.12000000000000001
0 0.9216666666666667 0.7483333333333334 0.15666666666666668 0.1366666666666667
0 0.34500000000000003 0.45833333333333337 0.39 0.16333333333333333
0 0.6900000000000001 0.3866666666666667 0.15333333333333335 0.06666666666666667
0 0.88 0.44 0.14 0.1
0 0.9750000000000001 0.5166666666666667 0.05 0.060000000000000005
0 0.63 0.18666666666666668 0.15333333333333335 0.05333333333333334
0 0.48500000000000004 0.2816666666666667 0.19 0.06333333333333334
0 0.405 0.22166666666666668 0.08333333333333334 0.03666666666666667
0 0.22 0.2316666666666667 0.19333333333333336 0.07
0 0.6966666666666667 0.12833333333333335 0.1 0.03666666666666667
0 0.5900000000000001 0.11 0.13333333333333333 0.04
0 0.3433333333333334 0.16 0.24666666666666667 0.06666666666666667
0 0.7533333333333334 0.07166666666666667 0.18000000000000002 0.07
0 0.5716666666666667 0.3466666666666667 0.1366666666666667 0.05333333333333334
0 0.6916666666666668 0.28500000000000003 0.06333333333333334 0.03666666666666667
0 0.045000000000000005 0.7133333333333334 0.08333333333333334 0.10666666666666667
