0 0.2693208430913349 0.6116666666666667 0.20608899297423888 0.11666666666666667
0 0.49765807962529274 0.7083333333333334 0.16159250585480095 0.11666666666666667
0 0.36416861826697894 0.8750000000000001 0.13817330210772832 0.15666666666666668
0 0.7377049180327869 0.9700000000000001 0.11241217798594848 0.060000000000000005
0 0.18032786885245902 0.505 0.07962529274004684 0.05666666666666667
0 0.09016393442622951 0.4783333333333334 0.08665105386416862 0.05
0 0.36533957845433257 0.45 0.13114754098360656 0.05333333333333334
0 0.2540983606557377 0.44833333333333336 0.07728337236533958 0.03666666666666667
0 0.24004683840749413 0.405 0.04449648711943794 0.030000000000000002
0 0.7587822014051522 0.5066666666666667 0.08899297423887588 0.03333333333333333
0 0.9660421545667447 0.5333333333333333 0.06791569086651054 0.07333333333333333
